version https://git-lfs.github.com/spec/v1
oid sha256:5fa21bb8b47b69d657197608025e40f664897b69c170842e2d81936d0e393660
size 898
